# Function generated by JK to test 1D BIFS functions 10/2018
1.294063718327336798e-01
2.889329701781935822e-01
-5.514986856238914825e-01
-8.230499473856287551e-01
6.683179486152852622e-01
3.068267206829190449e-02
-2.823687274330775043e-01
-9.341125723789430735e-01
-6.190208672337229462e-02
-2.587119707570011418e-01
-2.656665557377252962e-01
-7.858782845109275883e-02
4.556600581260113469e-01
2.251549169473853473e-01
9.574030815242842163e-01
1.174432242379752633e+00
3.550695193011435435e+00
3.543758570146747555e+00
5.309729926741879602e+00
5.992976939221549948e+00
6.902221915756123316e+00
7.514648164255454788e+00
9.183734557964431389e+00
9.081841660740153088e+00
1.167756370130670618e+01
1.176608136792037840e+01
1.299612239407524683e+01
1.486512702276629305e+01
1.451119226378175142e+01
1.626076373277381748e+01
1.721500036880381757e+01
1.754396667379695529e+01
1.886661205991303092e+01
1.051103011009164767e+01
9.838966364121048969e+00
9.724947995394668254e+00
9.572286038320035217e+00
9.913643387938590124e+00
9.738941636824266723e+00
9.238507194462972194e+00
9.694636885033686369e+00
8.977439565614480088e+00
8.238889988586491242e+00
6.810270671825106703e+00
5.599079280636321876e+00
4.465837247238963137e+00
5.386985815571319058e+00
3.916189641471026217e+00
1.987698969564896112e+00
1.097929426710508860e+00
2.426452927895133560e-01
-3.628402544596556756e-01
1.234577768249651264e+00
9.095100925698945682e-01
1.445933961872914730e-01
2.514402804943752928e-02
-9.081252216008086631e-01
-3.079075496812839763e-01
-4.506552259308369002e-01
-5.819382610630295938e-01
2.954520327211062614e-01
-1.289148631216954950e-02
-6.143062642470217272e-01
-9.379335605874992154e-01
